0,0,1
0,1,1
0,2,1
0,3,1
0,4,1
0,5,1
0,6,1
0,7,1
0,8,1
0,9,1
0,10,1
0,11,1
0,12,1
0,13,1
0,14,1
0,15,1
0,16,1
0,17,1
0,18,1
0,19,1
0,20,1
0,21,1
0,22,1
0,23,1
0,24,1
0,25,1
0,26,1
0,27,1
0,28,1
0,29,1
0,30,1
0,31,1
0,32,1
0,33,1
0,34,1
0,35,1
0,36,1
0,37,1
0,38,1
0,39,1
0,40,1
0,41,1
0,42,1
0,43,1
0,44,1
0,45,1
0,46,1
0,47,1
0,48,1
0,49,1
0,50,1
0,51,1
0,52,1
2,1,1
2,2,1
2,3,1
2,4,1
2,5,1
2,6,1
2,7,1
2,8,1
2,9,1
2,10,1
2,11,1
2,12,1
2,13,1
2,14,1
2,15,1
2,16,1
2,17,1
2,18,1
2,19,1
2,20,1
2,21,1
2,22,1
2,23,1
2,24,1
2,25,1
2,26,1
2,27,1
2,28,1
2,29,1
2,30,1
2,31,1
2,32,1
2,33,1
2,34,1
2,35,1
2,36,1
2,37,1
2,38,1
2,39,1
2,40,1
2,41,1
2,42,1
2,43,1
2,44,1
2,45,1
2,46,1
2,47,1
2,48,1
2,49,1
2,50,1
2,51,1
2,52,1
3,1,1
3,2,1
5,1,1
5,2,1
5,3,1
6,2,1
7,1,1
7,2,1
7,3,1
7,4,1
8,2,1
8,3,1
9,2,1
9,3,1
9,4,1
9,5,1
11,3,1
11,4,1
11,5,1
11,6,1
13,5,1
13,6,1
13,7,1
14,2,1
14,3,1
14,4,1
14,5,1
14,6,1
15,1,1
15,2,1
15,3,1
15,4,1
15,5,1
15,6,1
15,7,1
15,8,1
16,2,1
16,3,1
16,5,1
16,6,1
16,7,1
17,2,1
17,3,1
17,4,2
17,5,2
17,6,2
17,7,1
17,8,1
17,9,1
18,2,1
18,3,1
18,4,1
19,3,1
19,5,1
19,6,1
19,7,1
19,8,1
19,9,1
19,10,1
20,2,1
20,3,1
20,4,3
20,5,2
20,6,1
21,3,2
21,9,1
21,10,1
21,11,1
22,4,1
22,5,1
22,6,1
22,8,1
22,9,1
22,10,1
23,3,1
23,4,1
23,5,2
23,6,1
23,7,1
23,8,1
23,9,1
23,10,1
23,11,1
23,12,1
24,4,1
24,9,1
24,10,1
24,11,1
25,5,1
25,6,1
25,7,1
25,8,2
25,9,2
25,10,2
25,11,1
25,12,1
25,13,1
26,5,1
26,6,1
26,7,1
26,8,1
27,9,1
27,10,1
27,11,1
27,12,1
27,13,1
27,14,1
28,6,1
28,7,1
28,8,2
28,9,2
28,10,1
29,7,1
29,8,1
29,13,1
29,14,1
29,15,1
30,2,1
30,3,1
30,4,1
30,5,1
30,6,1
30,7,1
30,8,1
30,9,2
30,10,2
30,11,1
30,12,1
30,13,1
30,14,1
31,1,1
31,2,1
31,3,1
31,4,1
31,5,2
31,6,1
31,7,2
31,8,3
31,9,3
31,10,2
31,11,1
31,12,1
31,13,1
31,14,1
31,15,1
31,16,1
32,3,1
32,4,2
32,5,1
32,6,2
32,7,2
32,8,2
32,9,1
32,10,1
32,11,1
32,13,1
32,14,1
32,15,1
33,2,1
33,3,2
33,4,2
33,5,2
33,6,1
33,7,1
33,8,1
33,9,2
33,10,2
33,11,1
33,12,2
33,13,2
33,14,2
33,15,1
33,16,1
33,17,1
34,2,1
34,3,1
34,6,1
34,7,1
34,8,2
34,9,2
34,10,1
34,11,1
34,12,1
35,4,1
35,5,2
35,7,2
35,8,1
35,13,1
35,14,1
35,15,1
35,16,1
35,17,1
35,18,1
36,2,1
36,3,1
36,4,1
36,6,2
36,9,1
36,10,1
36,11,1
36,12,2
36,13,2
36,14,1
37,3,1
37,5,2
37,6,1
37,7,2
37,8,3
37,9,2
37,10,1
37,11,1
37,12,1
37,17,1
37,18,1
37,19,1
38,2,1
38,3,1
38,4,2
38,5,1
38,6,1
38,7,1
38,8,1
38,13,1
38,14,1
38,16,1
38,17,1
38,18,1
39,3,1
39,4,1
39,6,1
39,7,2
39,8,1
39,9,2
39,10,1
39,11,1
39,12,2
39,13,2
39,14,1
39,15,1
39,16,1
39,17,1
39,18,1
39,19,1
39,20,1
40,3,1
40,4,2
40,5,2
40,6,2
40,7,1
40,8,2
40,9,1
40,11,1
40,12,1
40,17,1
40,18,1
40,19,1
41,3,1
41,4,1
41,7,1
41,10,1
41,13,1
41,14,1
41,15,1
41,16,2
41,17,2
41,18,2
41,19,1
41,20,1
41,21,1
42,4,1
42,5,2
42,6,2
42,7,1
42,8,1
42,9,1
42,11,1
42,12,2
42,13,2
42,14,1
42,15,1
42,16,1
43,3,1
43,4,1
43,5,1
43,10,1
43,11,2
43,12,1
43,17,1
43,18,1
43,19,1
43,20,1
43,21,1
43,22,1
44,4,1
44,5,1
44,6,2
44,7,1
44,8,1
44,9,1
44,10,1
44,13,1
44,14,1
44,15,1
44,16,2
44,17,2
44,18,1
45,3,1
45,4,1
45,5,1
45,6,1
45,7,1
45,9,1
45,11,1
45,12,2
45,13,1
45,15,1
45,16,1
45,21,1
45,22,1
45,23,1
46,5,1
46,6,1
46,7,1
46,8,1
46,10,1
46,11,1
46,14,1
46,15,1
46,16,1
46,17,2
46,18,2
46,19,1
46,20,1
46,21,1
46,22,1
47,3,1
47,4,1
47,5,2
47,6,2
47,7,1
47,8,1
47,9,1
47,10,1
47,12,1
47,13,2
47,14,1
47,15,2
47,16,3
47,17,3
47,18,2
47,19,1
47,20,1
47,21,1
47,22,1
47,23,1
47,24,1
48,4,1
48,5,1
48,6,1
48,7,2
48,8,2
48,11,1
48,12,1
48,14,1
48,15,2
48,16,2
48,17,1
48,18,1
48,19,1
48,21,1
48,22,1
48,23,1
49,5,2
49,6,1
49,7,1
49,10,1
49,11,1
49,13,1
49,14,2
49,15,1
49,16,1
49,17,2
49,18,2
49,19,1
49,20,2
49,21,2
49,22,2
49,23,1
49,24,1
49,25,1
50,4,2
50,6,2
50,7,2
50,8,1
50,9,2
50,10,1
50,12,1
50,13,1
50,15,1
50,16,2
50,17,2
50,18,1
50,19,1
50,20,1
