0,0,1
0,1,1
0,2,1
0,3,1
0,4,1
0,5,1
0,6,1
0,7,1
0,8,1
0,9,1
0,10,1
0,11,1
0,12,1
0,13,1
0,14,1
0,15,1
0,16,1
0,17,1
0,18,1
0,19,1
0,20,1
0,21,1
0,22,1
0,23,1
0,24,1
0,25,1
0,26,1
0,27,1
0,28,1
0,29,1
0,30,1
0,31,1
0,32,1
0,33,1
0,34,1
0,35,1
0,36,1
0,37,1
0,38,1
0,39,1
0,40,1
0,41,1
0,42,1
0,43,1
0,44,1
0,45,1
0,46,1
0,47,1
0,48,1
0,49,1
0,50,1
0,51,1
0,52,1
0,53,1
0,54,1
0,55,1
0,56,1
0,57,1
0,58,1
0,59,1
0,60,1
0,61,1
0,62,1
0,63,1
0,64,1
0,65,1
0,66,1
0,67,1
0,68,1
0,69,1
0,70,1
0,71,1
0,72,1
1,1,1
2,2,1
3,1,1
3,2,1
3,3,1
6,2,1
7,1,1
7,2,1
7,3,1
7,4,1
8,2,1
8,3,1
9,3,1
9,4,1
9,5,1
10,6,1
11,5,1
11,6,1
11,7,1
14,2,1
14,3,1
14,4,1
14,5,1
14,6,1
15,1,1
15,2,1
15,3,1
15,4,1
15,5,2
15,6,1
15,7,1
15,8,1
16,2,1
16,6,1
16,7,1
17,3,1
17,4,1
17,5,1
17,6,1
17,7,1
17,8,1
17,9,1
18,2,1
18,3,1
18,4,2
18,5,1
18,10,1
19,3,1
19,9,1
19,10,1
19,11,1
20,4,1
20,5,1
20,6,1
21,3,1
21,5,1
22,4,1
22,8,1
22,9,1
22,10,1
23,4,1
23,5,1
23,6,1
23,7,1
23,8,1
23,9,2
23,10,1
23,11,1
23,12,1
24,5,1
24,10,1
24,11,1
25,8,1
25,9,1
25,10,1
25,11,1
25,12,1
25,13,1
26,6,1
26,7,1
26,8,1
26,9,1
26,14,1
27,13,1
27,14,1
27,15,1
28,8,1
28,9,1
28,10,1
29,7,1
29,8,1
29,9,1
30,2,1
30,3,1
30,4,1
30,5,1
30,6,1
30,7,1
30,8,1
30,9,1
30,10,1
30,11,1
30,12,1
30,13,1
30,14,1
31,1,1
31,2,1
31,3,2
31,4,1
31,5,2
31,6,1
31,7,1
31,8,2
31,9,2
31,10,2
31,11,1
31,12,1
31,13,2
31,14,1
31,15,1
31,16,1
32,2,1
32,4,1
32,6,1
32,7,1
32,8,1
32,9,1
32,14,1
32,15,1
33,3,1
33,4,1
33,5,1
33,7,1
33,12,1
33,13,1
33,14,1
33,15,1
33,16,1
33,17,1
34,2,1
34,3,1
34,4,1
34,6,1
34,8,1
34,9,1
34,10,1
34,11,1
34,12,1
34,13,1
34,18,1
35,5,1
35,7,1
35,8,1
35,9,1
35,17,1
35,18,1
35,19,1
36,6,1
36,12,1
36,13,1
36,14,1
37,3,1
37,5,1
37,6,1
37,7,2
37,8,2
37,9,1
37,10,1
37,11,1
37,12,1
37,13,1
38,2,1
38,3,1
38,4,2
38,5,1
38,6,2
38,7,1
38,8,1
38,9,1
38,16,1
38,17,1
38,18,1
39,3,1
39,4,1
39,5,1
39,7,1
39,9,1
39,12,1
39,13,1
39,14,1
39,15,1
39,16,1
39,17,2
39,18,1
39,19,1
39,20,1
40,4,2
40,5,2
40,6,2
40,8,1
40,10,1
40,11,1
40,12,1
40,13,1
40,18,1
40,19,1
41,3,1
41,4,1
41,5,1
41,7,1
41,10,1
41,11,1
41,16,1
41,17,1
41,18,1
41,19,1
41,20,1
41,21,1
42,6,1
42,7,1
42,8,1
42,9,1
42,12,1
42,13,1
42,14,1
42,15,1
42,16,1
42,17,1
42,22,1
43,11,1
43,12,1
43,13,1
43,21,1
43,22,1
43,23,1
44,4,1
44,5,1
44,6,1
44,10,1
44,16,1
44,17,1
44,18,1
45,3,1
45,4,1
45,5,2
45,6,1
45,7,1
45,9,1
45,12,1
45,15,1
45,16,1
45,17,1
46,6,1
46,7,1
46,8,1
46,11,1
46,14,1
46,15,1
46,16,1
46,17,1
46,18,1
46,19,1
46,20,1
46,21,1
46,22,1
47,5,1
47,6,1
47,7,1
47,8,2
47,10,1
47,13,2
47,14,1
47,15,1
47,16,2
47,17,2
47,18,2
47,19,1
47,20,1
47,21,2
47,22,1
47,23,1
47,24,1
48,4,1
48,5,1
48,6,1
48,7,2
48,8,1
48,9,2
48,12,1
48,14,1
48,15,1
48,16,1
48,17,1
48,22,1
48,23,1
49,5,1
49,6,1
49,11,1
49,14,1
49,15,1
49,20,1
49,21,1
49,22,1
49,23,1
49,24,1
49,25,1
50,4,1
50,6,1
50,10,1
50,13,1
50,16,1
50,17,1
50,18,1
50,19,1
50,20,1
50,21,1
50,26,1
